﻿Patient,Died,Risk,Wt,Ct,Trigger
1,0,0.2,-0.182321557,0,0
2,0,0.22,-0.198850859,0,0
3,0,0.1,-0.09531018,0,0
4,0,0.13,-0.122217633,0,0
5,1,0.05,0.644357016,0.644357016,0
6,0,0.25,-0.223143551,0.421213465,0
7,1,0.3,0.430782916,0.851996381,0
8,0,0.1,-0.09531018,0.756686201,0
9,0,0.05,-0.048790164,0.707896037,0
10,1,0.32,0.415515444,1.123411481,0
11,1,0.2,0.510825624,1.634237105,0
12,0,0.1,-0.09531018,1.538926925,0
13,0,0.12,-0.113328685,1.42559824,0
14,1,0.04,0.653926467,2.079524707,0
15,0,0.35,-0.300104592,1.779420115,0
16,0,0.24,-0.21511138,1.564308735,0
17,0,0.16,-0.148420005,1.41588873,0
18,0,0.45,-0.371563556,1.044325174,0
19,0,0.02,-0.019802627,1.024522546,0
20,1,0.5,0.287682072,1.312204619,0
21,0,0.21,-0.19062036,1.121584259,0
22,1,0.6,0.223143551,1.34472781,0
23,0,0.6,-0.470003629,0.874724181,0
24,1,0.1,0.597837001,1.472561182,0
25,0,0.5,-0.405465108,1.067096074,0
26,0,0.23,-0.207014169,0.860081904,0
27,0,0.02,-0.019802627,0.840279277,0
28,1,0.65,0.192371893,1.03265117,0
29,0,0.35,-0.300104592,0.732546577,0
30,0,0.12,-0.113328685,0.619217892,0
31,0,0.28,-0.246860078,0.372357814,0
32,1,0.1,0.597837001,0.970194815,0
33,1,0.15,0.553385238,1.523580053,0
34,1,0.45,0.321583624,1.845163677,0
35,1,0.63,0.204567166,2.049730843,0
36,0,0.4,-0.336472237,1.713258606,0
37,1,0.32,0.415515444,2.12877405,0
38,0,0.5,-0.405465108,1.723308942,0
39,1,0.65,0.192371893,1.915680835,0
40,0,0.05,-0.048790164,1.866890671,0
41,0,0.2,-0.182321557,1.684569114,0
42,0,0.22,-0.198850859,1.485718255,0
43,0,0.1,-0.09531018,1.390408075,0
44,1,0.13,0.570929548,1.961337623,0
45,1,0.05,0.644357016,2.60569464,0
46,1,0.25,0.470003629,3.075698269,0
47,1,0.3,0.430782916,3.506481185,0
48,0,0.1,-0.09531018,3.411171005,0
49,1,0.05,0.644357016,4.055528021,0
50,1,0.32,0.415515444,4.471043465,0
51,1,0.2,0.510825624,4.981869089,0
52,0,0.1,-0.09531018,4.886558909,0
53,0,0.12,-0.113328685,4.773230224,0
54,1,0.04,0.653926467,5.427156691,0
55,0,0.35,-0.300104592,5.127052099,0
56,0,0.24,-0.21511138,4.911940719,0
57,0,0.16,-0.148420005,4.763520714,0
58,0,0.45,-0.371563556,4.391957158,0
59,1,0.02,0.673344553,5.065301711,0
60,1,0.5,0.287682072,5.352983784,0
61,0,0.21,-0.19062036,5.162363424,0
62,1,0.6,0.223143551,5.385506975,0
63,0,0.6,-0.470003629,4.915503346,0
64,1,0.1,0.597837001,5.513340347,0
65,0,0.5,-0.405465108,5.107875239,0
66,0,0.23,-0.207014169,4.900861069,0
67,0,0.02,-0.019802627,4.881058442,0
68,0,0.65,-0.500775288,4.380283154,0
69,1,0.35,0.393042588,4.773325742,0
70,1,0.12,0.579818495,5.353144237,0
71,1,0.28,0.446287103,5.79943134,0
72,1,0.1,0.597837001,6.397268341,1
73,0,0.15,-0.139761942,3.752019409,0
74,1,0.45,0.321583624,4.073603033,0
75,0,0.63,-0.488580015,3.585023018,0
76,0,0.4,-0.336472237,3.248550782,0
77,1,0.32,0.415515444,3.664066226,0
78,0,0.5,-0.405465108,3.258601118,0
79,0,0.65,-0.500775288,2.75782583,0
80,0,0.25,-0.223143551,2.534682278,0
81,0,0.2,-0.182321557,2.352360722,0
82,0,0.32,-0.277631737,2.074728985,0
83,0,0.3,-0.262364264,1.81236472,0
84,1,0.55,0.25489225,2.06725697,0
85,0,0.2,-0.182321557,1.884935413,0
86,0,0.35,-0.300104592,1.584830821,0
87,1,0.45,0.321583624,1.906414445,0
88,0,0,0,1.906414445,0
89,0,0.55,-0.438254931,1.468159514,0
90,0,0.33,-0.285178942,1.182980572,0
91,0,0.42,-0.350656872,0.8323237,0
92,0,0.25,-0.223143551,0.609180149,0
93,0,0.5,-0.405465108,0.203715041,0
94,1,0.65,0.192371893,0.396086933,0
95,0,0.25,-0.223143551,0.172943382,0
96,0,0.45,-0.371563556,0,0
97,0,0.36,-0.3074847,0,0
98,0,0.32,-0.277631737,0,0
99,0,0.42,-0.350656872,0,0
100,0,0.25,-0.223143551,0,0
